,offense,2009,2010,2011,2012,2013,2014,2015,2016,2017,2018,2019,status
0,murder,471,536,515,419,335,333,352,335,292,295,319,major_felony
1,rape,1205,1373,1420,1445,1378,1352,1438,1438,1449,1794,1755,major_felony
2,robbery,18601,19486,19717,20144,19128,16539,16931,15500,13956,12913,13371,major_felony
3,felony_assault,16773,16956,18482,19381,20297,20207,20270,20847,20052,20208,20698,major_felony
4,burglary,19430,18600,18720,19168,17429,16765,15125,12990,12083,11687,10783,major_felony
5,grand_larceny,39580,37835,38501,42497,45368,43862,44005,44279,43150,43558,43250,major_felony
6,grand_larceny_of_motor_vehicle,10670,10329,9314,8093,7400,7664,7332,6327,5676,5428,5430,major_felony
7,stolen_property,823,864,823,711,689,1090,904,769,1019,951,733,nonmajor_felony
8,forgery_fraud_identity_theft,10225,10055,9876,10233,9493,9520,10400,11079,10063,9413,8684,nonmajor_felony
9,arson,1474,1467,1264,1253,1187,1205,1026,802,680,741,711,nonmajor_felony
10,sex_crimes,914,1053,1028,1380,1073,1135,1152,1336,1367,1615,1562,nonmajor_felony
11,drugs,26025,22913,21305,19680,19571,17113,15279,14712,13348,11236,9587,nonmajor_felony
12,weapons,5952,5413,5037,4979,5155,4605,4848,5465,4843,4639,4219,nonmajor_felony
13,criminal_mischief,6397,6006,6374,6737,7468,8466,9253,9966,10073,10427,11302,nonmajor_felony
14,other_felonies,11950,11616,11533,11929,13014,13735,13658,14217,13514,13645,14686,nonmajor_felony
15,stolen_property,2023,2240,2853,2662,2337,1469,1145,932,957,835,679,misdemeanor
16,sex_crimes,4459,4512,4632,4480,4064,4246,4555,4947,5424,5827,5805,misdemeanor
17,drugs,79302,79908,80462,67898,55529,52835,38471,35982,33686,19943,10854,misdemeanor
18,weapons,8367,8716,8601,7136,6522,6166,5685,5006,3844,3259,2078,misdemeanor
19,petit_larceny,80928,81522,81160,82947,85602,85121,81598,81274,83569,86489,89314,misdemeanor
20,assault3,50216,52716,50972,54495,53738,53847,42654,42422,41665,43126,42529,misdemeanor
21,dui,7700,6691,6027,6723,8238,7875,5933,5964,5652,4987,4369,misdemeanor
22,vehicle_and_traffic_laws,6178,6624,5802,5577,6106,5841,6266,6580,6457,6722,6777,misdemeanor
23,criminal_mischief,45770,44930,42995,41024,36765,38793,39606,38893,39289,36835,35876,misdemeanor
24,trespass,20904,19858,18297,15719,13459,14540,11473,9799,8218,6445,5405,misdemeanor
25,unauthorized_use_of_vehicle,1181,1274,1285,1416,1491,1704,1601,1809,1668,1640,1604,misdemeanor
26,offenses_against_person,1122,1205,1207,1248,1380,1334,1293,1225,1354,1150,1266,misdemeanor
27,offenses_against_public_administration,11217,11129,11067,10728,10687,10303,9405,8929,8021,7554,7640,misdemeanor
28,administrative_code,1010,975,982,1003,1019,1011,985,942,830,961,1045,misdemeanor
29,fraud,5155,5422,5180,5254,4936,5331,4788,4640,4017,3775,3180,misdemeanor
30,aggravated_harassment,30852,30037,27819,27240,26972,19725,20511,21328,20325,19375,18120,misdemeanor
31,other,30381,34133,33767,38814,40505,38230,46879,44253,35378,22707,19497,misdemeanor
32,harassment,58600,57376,54216,57045,57654,61972,62121,65938,66522,70421,72031,violation
33,other,5094,4291,4582,4086,3383,3125,2213,1661,1532,1100,1446,violation
